mult243 = [ [ 0, 1, 2, 3, 4, 5, 6, 7, 8, 9, 10, 11, 12, 13, 14, 15, 16, 17, 18, 19, 20, 21, 22, 23, 24, 25, 26, 27, 28, 29, 30, 31, 32, 33, 34, 
      35, 36, 37, 38, 39, 40, 41, 42, 43, 44, 45, 46, 47, 48, 49, 50, 51, 52, 53, 54, 55, 56, 57, 58, 59, 60, 61, 62, 63, 64, 65, 66, 67, 68, 69, 70, 71, 72, 73, 74, 75, 76, 77, 78, 79, 
      80, 81, 82, 83, 84, 85, 86, 87, 88, 89, 90, 91, 92, 93, 94, 95, 96, 97, 98, 99, 100, 101, 102, 103, 104, 105, 106, 107, 108, 109, 110, 111, 112, 113, 
      114, 115, 116, 117, 118, 119, 120, 121, 122, 123, 124, 125, 126, 127, 128, 129, 130, 131, 132, 133, 134, 135, 136, 137, 138, 139, 140, 141, 142, 143, 144, 145, 146, 147, 148, 149, 
      150, 151, 152, 153, 154, 155, 156, 157, 158, 159, 160, 161, 162, 163, 164, 165, 166, 167, 168, 169, 170, 171, 172, 173, 174, 175, 176, 177, 178, 179, 180, 181, 182, 183, 
      184, 185, 186, 187, 188, 189, 190, 191, 192, 193, 194, 195, 196, 197, 198, 199, 200, 201, 202, 203, 204, 205, 206, 207, 208, 209, 210, 211, 212, 213, 214, 215, 216, 217, 218, 219, 
      220, 221, 222, 223, 224, 225, 226, 227, 228, 229, 230, 231, 232, 233, 234, 235, 236, 237, 238, 239, 240, 241, 242 ], 
  [ 1, 2, 0, 71, 48, 208, 190, 3, 139, 114, 101, 138, 210, 117, 85, 229, 50, 5, 131, 128, 173, 100, 28, 96, 152, 164, 57, 68, 
      39, 170, 79, 227, 144, 58, 64, 105, 15, 52, 9, 22, 172, 201, 84, 67, 145, 225, 194, 11, 76, 215, 149, 49, 160, 140, 175, 174, 34, 202, 219, 54, 21, 213, 80, 53, 56, 42, 119, 218, 
      212, 10, 126, 7, 12, 228, 166, 209, 4, 199, 94, 197, 113, 161, 177, 25, 65, 120, 232, 78, 125, 195, 132, 24, 188, 181, 87, 169, 110, 237, 187, 178, 60, 69, 
      89, 19, 41, 165, 86, 151, 193, 135, 23, 108, 206, 62, 38, 61, 31, 217, 66, 118, 14, 74, 6, 127, 196, 137, 242, 191, 103, 158, 189, 167, 192, 97, 240, 156, 29, 88, 47, 223, 63, 180, 
      159, 230, 211, 203, 82, 92, 142, 16, 77, 236, 91, 99, 176, 45, 109, 40, 234, 148, 37, 224, 185, 98, 83, 35, 121, 18, 124, 171, 136, 95, 157, 183, 179, 59, 
      184, 146, 153, 55, 220, 235, 233, 20, 154, 204, 238, 163, 147, 221, 122, 123, 90, 111, 241, 102, 168, 30, 207, 150, 182, 104, 26, 44, 162, 134, 226, 214, 17, 222, 72, 32, 27, 115, 
      198, 51, 143, 13, 43, 33, 141, 130, 75, 8, 81, 155, 112, 116, 231, 36, 216, 73, 106, 200, 129, 93, 107, 133, 239, 186, 205, 46, 70 ], 
  [ 2, 0, 1, 7, 76, 17, 122, 71, 223, 38, 69, 47, 72, 217, 120, 36, 149, 208, 167, 103, 183, 60, 39, 110, 91, 
      83, 202, 212, 22, 136, 197, 116, 211, 219, 56, 165, 229, 160, 114, 28, 157, 104, 65, 218, 203, 155, 241, 138, 4, 51, 16, 215, 37, 63, 59, 179, 64, 26, 33, 175, 100, 115, 113, 140, 
      34, 84, 118, 43, 27, 101, 242, 3, 210, 231, 121, 222, 48, 150, 87, 30, 62, 224, 146, 164, 42, 14, 106, 94, 137, 102, 192, 152, 147, 235, 78, 171, 23, 133, 
      163, 153, 21, 10, 195, 128, 201, 35, 232, 236, 111, 156, 96, 193, 226, 80, 9, 213, 227, 13, 119, 66, 85, 166, 190, 191, 168, 88, 70, 123, 19, 234, 221, 18, 90, 237, 205, 109, 170, 
      125, 11, 8, 53, 220, 148, 216, 32, 44, 177, 188, 159, 50, 199, 107, 24, 178, 184, 225, 135, 172, 129, 142, 52, 81, 204, 187, 25, 105, 74, 131, 196, 95, 29, 
      169, 40, 20, 55, 54, 154, 82, 99, 174, 141, 93, 200, 173, 176, 162, 239, 98, 92, 130, 6, 127, 132, 108, 46, 89, 124, 79, 214, 77, 233, 41, 57, 145, 185, 240, 112, 198, 5, 75, 12, 
      144, 68, 61, 207, 49, 230, 117, 67, 58, 180, 189, 209, 139, 161, 45, 206, 31, 73, 15, 143, 228, 86, 182, 158, 181, 151, 97, 186, 238, 134, 194, 126 ], 
  [ 3, 71, 7, 123, 72, 49, 209, 191, 4, 140, 115, 102, 139, 211, 118, 86, 230, 51, 6, 132, 129, 174, 101, 29, 97, 153, 165, 
      58, 69, 40, 171, 80, 228, 145, 59, 65, 106, 16, 53, 10, 23, 173, 202, 85, 68, 146, 226, 195, 12, 77, 216, 150, 50, 161, 141, 176, 175, 35, 203, 220, 55, 22, 214, 81, 54, 57, 43, 
      120, 219, 213, 11, 127, 8, 13, 229, 167, 210, 5, 200, 95, 198, 114, 162, 178, 26, 66, 121, 233, 79, 126, 196, 133, 25, 189, 182, 88, 170, 111, 238, 188, 179, 
      61, 70, 90, 20, 42, 166, 87, 152, 194, 136, 24, 109, 207, 63, 39, 62, 32, 218, 67, 119, 15, 75, 0, 128, 197, 138, 1, 192, 104, 159, 190, 168, 193, 98, 241, 157, 30, 89, 48, 
      224, 64, 181, 160, 231, 212, 204, 83, 93, 143, 17, 78, 237, 92, 100, 177, 46, 110, 41, 235, 149, 38, 225, 186, 99, 84, 36, 122, 19, 125, 172, 137, 96, 158, 184, 180, 
      60, 185, 147, 154, 56, 221, 236, 234, 21, 155, 205, 239, 164, 148, 222, 2, 124, 91, 112, 242, 103, 169, 31, 208, 151, 183, 105, 27, 45, 163, 135, 227, 215, 18, 223, 73, 33, 
      28, 116, 199, 52, 144, 14, 44, 34, 142, 131, 76, 9, 82, 156, 113, 117, 232, 37, 217, 74, 107, 201, 130, 94, 108, 134, 240, 187, 206, 47 ], 
  [ 4, 48, 76, 72, 124, 73, 50, 210, 192, 5, 141, 116, 103, 140, 212, 119, 87, 231, 52, 7, 133, 130, 175, 102, 30, 98, 154, 166, 
      59, 70, 41, 172, 81, 229, 146, 60, 66, 107, 17, 54, 11, 24, 174, 203, 86, 69, 147, 227, 196, 13, 78, 217, 151, 51, 162, 142, 177, 176, 36, 204, 221, 56, 23, 215, 82, 55, 58, 44, 
      121, 220, 214, 12, 128, 9, 14, 230, 168, 211, 6, 201, 96, 199, 115, 163, 179, 27, 67, 122, 234, 80, 127, 197, 134, 26, 190, 183, 89, 171, 112, 239, 189, 180, 
      62, 71, 91, 21, 43, 167, 88, 153, 195, 137, 25, 110, 208, 64, 40, 63, 33, 219, 68, 120, 16, 8, 0, 129, 198, 139, 3, 193, 105, 160, 191, 169, 194, 99, 242, 158, 31, 90, 49, 
      225, 65, 182, 161, 232, 213, 205, 84, 94, 144, 18, 79, 238, 93, 101, 178, 47, 111, 42, 236, 150, 39, 226, 187, 100, 85, 37, 2, 20, 126, 173, 138, 97, 159, 185, 181, 
      61, 186, 148, 155, 57, 222, 237, 235, 22, 156, 206, 240, 165, 149, 223, 123, 125, 92, 113, 1, 104, 170, 32, 209, 152, 184, 106, 28, 46, 164, 136, 228, 216, 19, 224, 74, 34, 
      29, 117, 200, 53, 145, 15, 45, 35, 143, 132, 77, 10, 83, 157, 114, 118, 233, 38, 218, 75, 108, 202, 131, 95, 109, 135, 241, 188, 207 ], 
  [ 5, 208, 17, 49, 73, 125, 74, 51, 211, 193, 6, 142, 117, 104, 141, 213, 120, 88, 232, 53, 8, 134, 131, 176, 103, 31, 99, 155, 
      167, 60, 71, 42, 173, 82, 230, 147, 61, 67, 108, 18, 55, 12, 25, 175, 204, 87, 70, 148, 228, 197, 14, 79, 218, 152, 52, 163, 143, 178, 177, 37, 205, 222, 57, 24, 216, 83, 56, 59, 
      45, 122, 221, 215, 13, 129, 10, 15, 231, 169, 212, 7, 202, 97, 200, 116, 164, 180, 28, 68, 2, 235, 81, 128, 198, 135, 27, 191, 184, 90, 172, 113, 240, 190, 
      181, 63, 72, 92, 22, 44, 168, 89, 154, 196, 138, 26, 111, 209, 65, 41, 64, 34, 220, 69, 121, 77, 9, 0, 130, 199, 140, 4, 194, 106, 161, 192, 170, 195, 100, 1, 159, 32, 91, 50, 
      226, 66, 183, 162, 233, 214, 206, 85, 95, 145, 19, 80, 239, 94, 102, 179, 48, 112, 43, 237, 151, 40, 227, 188, 101, 86, 38, 123, 21, 127, 174, 139, 98, 160, 186, 
      182, 62, 187, 149, 156, 58, 223, 238, 236, 23, 157, 207, 241, 166, 150, 224, 124, 126, 93, 114, 3, 105, 171, 33, 210, 153, 185, 107, 29, 47, 165, 137, 229, 217, 20, 225, 75, 35, 
      30, 118, 201, 54, 146, 16, 46, 36, 144, 133, 78, 11, 84, 158, 115, 119, 234, 39, 219, 76, 109, 203, 132, 96, 110, 136, 242, 189 ], 
  [ 6, 190, 122, 209, 50, 74, 126, 75, 52, 212, 194, 7, 143, 118, 105, 142, 214, 121, 89, 233, 54, 9, 135, 132, 177, 104, 32, 100, 
      156, 168, 61, 72, 43, 174, 83, 231, 148, 62, 68, 109, 19, 56, 13, 26, 176, 205, 88, 71, 149, 229, 198, 15, 80, 219, 153, 53, 164, 144, 179, 178, 38, 206, 223, 58, 25, 217, 84, 57, 
      60, 46, 2, 222, 216, 14, 130, 11, 16, 232, 170, 213, 8, 203, 98, 201, 117, 165, 181, 29, 69, 123, 236, 82, 129, 199, 136, 28, 192, 185, 91, 173, 114, 241, 
      191, 182, 64, 73, 93, 23, 45, 169, 90, 155, 197, 139, 27, 112, 210, 66, 42, 65, 35, 221, 70, 18, 78, 10, 0, 131, 200, 141, 5, 195, 107, 162, 193, 171, 196, 101, 3, 160, 33, 92, 
      51, 227, 67, 184, 163, 234, 215, 207, 86, 96, 146, 20, 81, 240, 95, 103, 180, 49, 113, 44, 238, 152, 41, 228, 189, 102, 87, 39, 124, 22, 128, 175, 140, 99, 161, 
      187, 183, 63, 188, 150, 157, 59, 224, 239, 237, 24, 158, 208, 242, 167, 151, 225, 125, 127, 94, 115, 4, 106, 172, 34, 211, 154, 186, 108, 30, 48, 166, 138, 230, 218, 21, 226, 76, 
      36, 31, 119, 202, 55, 147, 17, 47, 37, 145, 134, 79, 12, 85, 159, 116, 120, 235, 40, 220, 77, 110, 204, 133, 97, 111, 137, 1 ], 
  [ 7, 3, 71, 191, 210, 51, 75, 127, 76, 53, 213, 195, 8, 144, 119, 106, 143, 215, 122, 90, 234, 55, 10, 136, 133, 
      178, 105, 33, 101, 157, 169, 62, 73, 44, 175, 84, 232, 149, 63, 69, 110, 20, 57, 14, 27, 177, 206, 89, 72, 150, 230, 199, 16, 81, 220, 154, 54, 165, 145, 180, 179, 39, 207, 224, 59, 
      26, 218, 85, 58, 61, 47, 123, 223, 217, 15, 131, 12, 17, 233, 171, 214, 9, 204, 99, 202, 118, 166, 182, 30, 70, 124, 237, 83, 130, 200, 137, 29, 193, 186, 
      92, 174, 115, 242, 192, 183, 65, 74, 94, 24, 46, 170, 91, 156, 198, 140, 28, 113, 211, 67, 43, 66, 36, 222, 2, 19, 79, 11, 0, 132, 201, 142, 6, 196, 108, 163, 194, 172, 197, 
      102, 4, 161, 34, 93, 52, 228, 68, 185, 164, 235, 216, 208, 87, 97, 147, 21, 82, 241, 96, 104, 181, 50, 114, 45, 239, 153, 42, 229, 190, 103, 88, 40, 125, 23, 129, 
      176, 141, 100, 162, 188, 184, 64, 189, 151, 158, 60, 225, 240, 238, 25, 159, 209, 1, 168, 152, 226, 126, 128, 95, 116, 5, 107, 173, 35, 212, 155, 187, 109, 31, 49, 167, 139, 
      231, 219, 22, 227, 77, 37, 32, 120, 203, 56, 148, 18, 48, 38, 146, 135, 80, 13, 86, 160, 117, 121, 236, 41, 221, 78, 111, 205, 134, 98, 112, 138 ], 
  [ 8, 139, 223, 4, 192, 211, 52, 76, 128, 77, 54, 214, 196, 9, 145, 120, 107, 144, 216, 2, 91, 235, 56, 11, 137, 134, 179, 
      106, 34, 102, 158, 170, 63, 74, 45, 176, 85, 233, 150, 64, 70, 111, 21, 58, 15, 28, 178, 207, 90, 73, 151, 231, 200, 17, 82, 221, 155, 55, 166, 146, 181, 180, 40, 208, 225, 60, 27, 
      219, 86, 59, 62, 48, 124, 224, 218, 16, 132, 13, 18, 234, 172, 215, 10, 205, 100, 203, 119, 167, 183, 31, 71, 125, 238, 84, 131, 201, 138, 30, 194, 187, 93, 
      175, 116, 1, 193, 184, 66, 75, 95, 25, 47, 171, 92, 157, 199, 141, 29, 114, 212, 68, 44, 67, 37, 72, 123, 20, 80, 12, 0, 133, 202, 143, 7, 197, 109, 164, 195, 173, 198, 103, 
      5, 162, 35, 94, 53, 229, 69, 186, 165, 236, 217, 209, 88, 98, 148, 22, 83, 242, 97, 105, 182, 51, 115, 46, 240, 154, 43, 230, 191, 104, 89, 41, 126, 24, 130, 177, 
      142, 101, 163, 189, 185, 65, 190, 152, 159, 61, 226, 241, 239, 26, 160, 210, 3, 169, 153, 227, 127, 129, 96, 117, 6, 108, 174, 36, 213, 156, 188, 110, 32, 50, 168, 140, 232, 
      220, 23, 228, 78, 38, 33, 121, 204, 57, 149, 19, 49, 39, 147, 136, 81, 14, 87, 161, 118, 122, 237, 42, 222, 79, 112, 206, 135, 99, 113 ], 
  [ 9, 114, 38, 140, 5, 193, 212, 53, 77, 129, 78, 55, 215, 197, 10, 146, 121, 108, 145, 217, 123, 92, 236, 57, 12, 138, 135, 
      180, 107, 35, 103, 159, 171, 64, 75, 46, 177, 86, 234, 151, 65, 71, 112, 22, 59, 16, 29, 179, 208, 91, 74, 152, 232, 201, 18, 83, 222, 156, 56, 167, 147, 182, 181, 41, 209, 226, 61, 
      28, 220, 87, 60, 63, 49, 125, 225, 219, 17, 133, 14, 19, 235, 173, 216, 11, 206, 101, 204, 120, 168, 184, 32, 72, 126, 239, 85, 132, 202, 139, 31, 195, 188, 
      94, 176, 117, 3, 194, 185, 67, 76, 96, 26, 48, 172, 93, 158, 200, 142, 30, 115, 213, 69, 45, 68, 224, 73, 124, 21, 81, 13, 0, 134, 203, 144, 8, 198, 110, 165, 196, 174, 199, 
      104, 6, 163, 36, 95, 54, 230, 70, 187, 166, 237, 218, 210, 89, 99, 149, 23, 84, 1, 98, 106, 183, 52, 116, 47, 241, 155, 44, 231, 192, 105, 90, 42, 127, 25, 131, 
      178, 143, 102, 164, 190, 186, 66, 191, 153, 160, 62, 227, 242, 240, 27, 161, 211, 4, 170, 154, 228, 128, 130, 97, 118, 7, 109, 175, 37, 214, 157, 189, 111, 33, 51, 169, 141, 233, 
      221, 24, 229, 79, 39, 34, 122, 205, 58, 150, 20, 50, 40, 148, 137, 82, 15, 88, 162, 119, 2, 238, 43, 223, 80, 113, 207, 136, 100 ], 
  [ 10, 101, 69, 115, 141, 6, 194, 213, 54, 78, 130, 79, 56, 216, 198, 11, 147, 122, 109, 146, 218, 124, 93, 237, 58, 13, 
      139, 136, 181, 108, 36, 104, 160, 172, 65, 76, 47, 178, 87, 235, 152, 66, 72, 113, 23, 60, 17, 30, 180, 209, 92, 75, 153, 233, 202, 19, 84, 223, 157, 57, 168, 148, 183, 182, 42, 
      210, 227, 62, 29, 221, 88, 61, 64, 50, 126, 226, 220, 18, 134, 15, 20, 236, 174, 217, 12, 207, 102, 205, 121, 169, 185, 33, 73, 127, 240, 86, 133, 203, 140, 
      32, 196, 189, 95, 177, 118, 4, 195, 186, 68, 77, 97, 27, 49, 173, 94, 159, 201, 143, 31, 116, 214, 70, 46, 39, 225, 74, 125, 22, 82, 14, 0, 135, 204, 145, 9, 199, 111, 166, 
      197, 175, 200, 105, 7, 164, 37, 96, 55, 231, 71, 188, 167, 238, 219, 211, 90, 100, 150, 24, 85, 3, 99, 107, 184, 53, 117, 48, 242, 156, 45, 232, 193, 106, 91, 
      43, 128, 26, 132, 179, 144, 103, 165, 191, 187, 67, 192, 154, 161, 63, 228, 1, 241, 28, 162, 212, 5, 171, 155, 229, 129, 131, 98, 119, 8, 110, 176, 38, 215, 158, 190, 112, 34, 52, 
      170, 142, 234, 222, 25, 230, 80, 40, 35, 2, 206, 59, 151, 21, 51, 41, 149, 138, 83, 16, 89, 163, 120, 123, 239, 44, 224, 81, 114, 208, 137 ], 
  [ 11, 138, 47, 102, 116, 142, 7, 195, 214, 55, 79, 131, 80, 57, 217, 199, 12, 148, 2, 110, 147, 219, 125, 94, 238, 59, 14, 
      140, 137, 182, 109, 37, 105, 161, 173, 66, 77, 48, 179, 88, 236, 153, 67, 73, 114, 24, 61, 18, 31, 181, 210, 93, 76, 154, 234, 203, 20, 85, 224, 158, 58, 169, 149, 184, 183, 43, 
      211, 228, 63, 30, 222, 89, 62, 65, 51, 127, 227, 221, 19, 135, 16, 21, 237, 175, 218, 13, 208, 103, 206, 122, 170, 186, 34, 74, 128, 241, 87, 134, 204, 141, 
      33, 197, 190, 96, 178, 119, 5, 196, 187, 69, 78, 98, 28, 50, 174, 95, 160, 202, 144, 32, 117, 215, 71, 70, 40, 226, 75, 126, 23, 83, 15, 0, 136, 205, 146, 10, 200, 112, 167, 
      198, 176, 201, 106, 8, 165, 38, 97, 56, 232, 72, 189, 168, 239, 220, 212, 91, 101, 151, 25, 86, 4, 100, 108, 185, 54, 118, 49, 1, 157, 46, 233, 194, 107, 92, 
      44, 129, 27, 133, 180, 145, 104, 166, 192, 188, 68, 193, 155, 162, 64, 229, 3, 242, 29, 163, 213, 6, 172, 156, 230, 130, 132, 99, 120, 9, 111, 177, 39, 216, 159, 191, 113, 35, 53, 
      171, 143, 235, 223, 26, 231, 81, 41, 36, 123, 207, 60, 152, 22, 52, 42, 150, 139, 84, 17, 90, 164, 121, 124, 240, 45, 225, 82, 115, 209 ], 
  [ 12, 210, 72, 139, 103, 117, 143, 8, 196, 215, 56, 80, 132, 81, 58, 218, 200, 13, 149, 123, 111, 148, 220, 126, 95, 239, 60, 
      15, 141, 138, 183, 110, 38, 106, 162, 174, 67, 78, 49, 180, 89, 237, 154, 68, 74, 115, 25, 62, 19, 32, 182, 211, 94, 77, 155, 235, 204, 21, 86, 225, 159, 59, 170, 150, 185, 184, 44, 
      212, 229, 64, 31, 223, 90, 63, 66, 52, 128, 228, 222, 20, 136, 17, 22, 238, 176, 219, 14, 209, 104, 207, 2, 171, 187, 35, 75, 129, 242, 88, 135, 205, 142, 
      34, 198, 191, 97, 179, 120, 6, 197, 188, 70, 79, 99, 29, 51, 175, 96, 161, 203, 145, 33, 118, 216, 48, 71, 41, 227, 76, 127, 24, 84, 16, 0, 137, 206, 147, 11, 201, 113, 168, 
      199, 177, 202, 107, 9, 166, 39, 98, 57, 233, 73, 190, 169, 240, 221, 213, 92, 102, 152, 26, 87, 5, 101, 109, 186, 55, 119, 50, 3, 158, 47, 234, 195, 108, 93, 
      45, 130, 28, 134, 181, 146, 105, 167, 193, 189, 69, 194, 156, 163, 65, 230, 4, 1, 30, 164, 214, 7, 173, 157, 231, 131, 133, 100, 121, 10, 112, 178, 40, 217, 160, 192, 114, 36, 54, 
      172, 144, 236, 224, 27, 232, 82, 42, 37, 124, 208, 61, 153, 23, 53, 43, 151, 140, 85, 18, 91, 165, 122, 125, 241, 46, 226, 83, 116 ], 
  [ 13, 117, 217, 211, 140, 104, 118, 144, 9, 197, 216, 57, 81, 133, 82, 59, 219, 201, 14, 150, 124, 112, 149, 221, 127, 96, 240, 
      61, 16, 142, 139, 184, 111, 39, 107, 163, 175, 68, 79, 50, 181, 90, 238, 155, 69, 75, 116, 26, 63, 20, 33, 183, 212, 95, 78, 156, 236, 205, 22, 87, 226, 160, 60, 171, 151, 186, 185, 
      45, 213, 230, 65, 32, 224, 91, 64, 67, 53, 129, 229, 223, 21, 137, 18, 23, 239, 177, 220, 15, 210, 105, 208, 123, 172, 188, 36, 76, 130, 1, 89, 136, 206, 
      143, 35, 199, 192, 98, 180, 121, 7, 198, 189, 71, 80, 100, 30, 52, 176, 97, 162, 204, 146, 34, 119, 73, 49, 72, 42, 228, 77, 128, 25, 85, 17, 0, 138, 207, 148, 12, 202, 114, 169, 
      200, 178, 203, 108, 10, 167, 40, 99, 58, 234, 74, 191, 170, 241, 222, 214, 93, 103, 153, 27, 88, 6, 102, 110, 187, 56, 120, 51, 4, 159, 48, 235, 196, 109, 
      94, 46, 131, 29, 135, 182, 147, 106, 168, 194, 190, 70, 195, 157, 164, 66, 231, 5, 3, 31, 165, 215, 8, 174, 158, 232, 132, 134, 101, 122, 11, 113, 179, 41, 218, 161, 193, 115, 37, 
      55, 173, 145, 237, 225, 28, 233, 83, 43, 38, 125, 209, 62, 154, 24, 54, 44, 152, 141, 86, 19, 92, 166, 2, 126, 242, 47, 227, 84 ], 
  [ 14, 85, 120, 118, 212, 141, 105, 119, 145, 10, 198, 217, 58, 82, 134, 83, 60, 220, 202, 15, 151, 125, 113, 150, 222, 128, 97, 
      241, 62, 17, 143, 140, 185, 112, 40, 108, 164, 176, 69, 80, 51, 182, 91, 239, 156, 70, 76, 117, 27, 64, 21, 34, 184, 213, 96, 79, 157, 237, 206, 23, 88, 227, 161, 61, 172, 152, 187, 
      186, 46, 214, 231, 66, 33, 225, 92, 65, 68, 54, 130, 230, 224, 22, 138, 19, 24, 240, 178, 221, 16, 211, 106, 209, 124, 173, 189, 37, 77, 131, 3, 90, 137, 
      207, 144, 36, 200, 193, 99, 181, 122, 8, 199, 190, 72, 81, 101, 31, 53, 177, 98, 163, 205, 147, 35, 218, 74, 50, 73, 43, 229, 78, 129, 26, 86, 18, 0, 139, 208, 149, 13, 203, 115, 
      170, 201, 179, 204, 109, 11, 168, 41, 100, 59, 235, 75, 192, 171, 242, 223, 215, 94, 104, 154, 28, 89, 7, 103, 111, 188, 57, 121, 52, 5, 160, 49, 236, 197, 
      110, 95, 47, 132, 30, 136, 183, 148, 107, 169, 195, 191, 71, 196, 158, 165, 67, 232, 6, 4, 32, 166, 216, 9, 175, 159, 233, 133, 135, 102, 2, 12, 114, 180, 42, 219, 162, 194, 116, 
      38, 56, 174, 146, 238, 226, 29, 234, 84, 44, 39, 126, 210, 63, 155, 25, 55, 45, 153, 142, 87, 20, 93, 167, 123, 127, 1, 48, 228 ], 
  [ 15, 229, 36, 86, 119, 213, 142, 106, 120, 146, 11, 199, 218, 59, 83, 135, 84, 61, 221, 203, 16, 152, 126, 114, 151, 223, 
      129, 98, 242, 63, 18, 144, 141, 186, 113, 41, 109, 165, 177, 70, 81, 52, 183, 92, 240, 157, 71, 77, 118, 28, 65, 22, 35, 185, 214, 97, 80, 158, 238, 207, 24, 89, 228, 162, 62, 173, 
      153, 188, 187, 47, 215, 232, 67, 34, 226, 93, 66, 69, 55, 131, 231, 225, 23, 139, 20, 25, 241, 179, 222, 17, 212, 107, 210, 125, 174, 190, 38, 78, 132, 4, 
      91, 138, 208, 145, 37, 201, 194, 100, 182, 2, 9, 200, 191, 73, 82, 102, 32, 54, 178, 99, 164, 206, 148, 121, 219, 75, 51, 74, 44, 230, 79, 130, 27, 87, 19, 0, 140, 209, 150, 
      14, 204, 116, 171, 202, 180, 205, 110, 12, 169, 42, 101, 60, 236, 76, 193, 172, 1, 224, 216, 95, 105, 155, 29, 90, 8, 104, 112, 189, 58, 122, 53, 6, 161, 50, 
      237, 198, 111, 96, 48, 133, 31, 137, 184, 149, 108, 170, 196, 192, 72, 197, 159, 166, 68, 233, 7, 5, 33, 167, 217, 10, 176, 160, 234, 134, 136, 103, 123, 13, 115, 181, 43, 220, 163, 
      195, 117, 39, 57, 175, 147, 239, 227, 30, 235, 85, 45, 40, 127, 211, 64, 156, 26, 56, 46, 154, 143, 88, 21, 94, 168, 124, 128, 3, 49 ], 
  [ 16, 50, 149, 230, 87, 120, 214, 143, 107, 121, 147, 12, 200, 219, 60, 84, 136, 85, 62, 222, 204, 17, 153, 127, 115, 152, 224, 
      130, 99, 1, 64, 19, 145, 142, 187, 114, 42, 110, 166, 178, 71, 82, 53, 184, 93, 241, 158, 72, 78, 119, 29, 66, 23, 36, 186, 215, 98, 81, 159, 239, 208, 25, 90, 229, 163, 63, 174, 
      154, 189, 188, 48, 216, 233, 68, 35, 227, 94, 67, 70, 56, 132, 232, 226, 24, 140, 21, 26, 242, 180, 223, 18, 213, 108, 211, 126, 175, 191, 39, 79, 133, 5, 
      92, 139, 209, 146, 38, 202, 195, 101, 183, 123, 10, 201, 192, 74, 83, 103, 33, 55, 179, 100, 165, 207, 37, 122, 220, 76, 52, 75, 45, 231, 80, 131, 28, 88, 20, 0, 141, 210, 151, 
      15, 205, 117, 172, 203, 181, 206, 111, 13, 170, 43, 102, 61, 237, 77, 194, 173, 3, 225, 217, 96, 106, 156, 30, 91, 9, 105, 113, 190, 59, 2, 54, 7, 162, 51, 
      238, 199, 112, 97, 49, 134, 32, 138, 185, 150, 109, 171, 197, 193, 73, 198, 160, 167, 69, 234, 8, 6, 34, 168, 218, 11, 177, 161, 235, 135, 137, 104, 124, 14, 116, 182, 44, 221, 164, 
      196, 118, 40, 58, 176, 148, 240, 228, 31, 236, 86, 46, 41, 128, 212, 65, 157, 27, 57, 47, 155, 144, 89, 22, 95, 169, 125, 129, 4 ], 
  [ 17, 5, 208, 51, 231, 88, 121, 215, 144, 108, 122, 148, 13, 201, 220, 61, 85, 137, 86, 63, 223, 205, 18, 154, 128, 116, 
      153, 225, 131, 100, 3, 65, 20, 146, 143, 188, 115, 43, 111, 167, 179, 72, 83, 54, 185, 94, 242, 159, 73, 79, 120, 30, 67, 24, 37, 187, 216, 99, 82, 160, 240, 209, 26, 91, 230, 164, 
      64, 175, 155, 190, 189, 49, 217, 234, 69, 36, 228, 95, 68, 71, 57, 133, 233, 227, 25, 141, 22, 27, 1, 181, 224, 19, 214, 109, 212, 127, 176, 192, 40, 80, 
      134, 6, 93, 140, 210, 147, 39, 203, 196, 102, 184, 124, 11, 202, 193, 75, 84, 104, 34, 56, 180, 101, 166, 150, 38, 2, 221, 77, 53, 76, 46, 232, 81, 132, 29, 89, 21, 0, 142, 211, 
      152, 16, 206, 118, 173, 204, 182, 207, 112, 14, 171, 44, 103, 62, 238, 78, 195, 174, 4, 226, 218, 97, 107, 157, 31, 92, 10, 106, 114, 191, 60, 123, 55, 8, 
      163, 52, 239, 200, 113, 98, 50, 135, 33, 139, 186, 151, 110, 172, 198, 194, 74, 199, 161, 168, 70, 235, 9, 7, 35, 169, 219, 12, 178, 162, 236, 136, 138, 105, 125, 15, 117, 183, 45, 
      222, 165, 197, 119, 41, 59, 177, 149, 241, 229, 32, 237, 87, 47, 42, 129, 213, 66, 158, 28, 58, 48, 156, 145, 90, 23, 96, 170, 126, 130 ], 
  [ 18, 131, 167, 6, 52, 232, 89, 122, 216, 145, 109, 2, 149, 14, 202, 221, 62, 86, 138, 87, 64, 224, 206, 19, 155, 129, 117, 
      154, 226, 132, 101, 4, 66, 21, 147, 144, 189, 116, 44, 112, 168, 180, 73, 84, 55, 186, 95, 1, 160, 74, 80, 121, 31, 68, 25, 38, 188, 217, 100, 83, 161, 241, 210, 27, 92, 231, 165, 
      65, 176, 156, 191, 190, 50, 218, 235, 70, 37, 229, 96, 69, 72, 58, 134, 234, 228, 26, 142, 23, 28, 3, 182, 225, 20, 215, 110, 213, 128, 177, 193, 41, 81, 
      135, 7, 94, 141, 211, 148, 40, 204, 197, 103, 185, 125, 12, 203, 194, 76, 85, 105, 35, 57, 181, 102, 209, 151, 39, 123, 222, 78, 54, 77, 47, 233, 82, 133, 30, 90, 22, 0, 143, 212, 
      153, 17, 207, 119, 174, 205, 183, 208, 113, 15, 172, 45, 104, 63, 239, 79, 196, 175, 5, 227, 219, 98, 108, 158, 32, 93, 11, 107, 115, 192, 61, 124, 56, 9, 
      164, 53, 240, 201, 114, 99, 51, 136, 34, 140, 187, 152, 111, 173, 199, 195, 75, 200, 162, 169, 71, 236, 10, 8, 36, 170, 220, 13, 179, 163, 237, 137, 139, 106, 126, 16, 118, 184, 46, 
      223, 166, 198, 120, 42, 60, 178, 150, 242, 230, 33, 238, 88, 48, 43, 130, 214, 67, 159, 29, 59, 49, 157, 146, 91, 24, 97, 171, 127 ], 
  [ 19, 128, 103, 132, 7, 53, 233, 90, 2, 217, 146, 110, 123, 150, 15, 203, 222, 63, 87, 139, 88, 65, 225, 207, 20, 156, 
      130, 118, 155, 227, 133, 102, 5, 67, 22, 148, 145, 190, 117, 45, 113, 169, 181, 74, 85, 56, 187, 96, 3, 161, 75, 81, 122, 32, 69, 26, 39, 189, 218, 101, 84, 162, 242, 211, 28, 93, 
      232, 166, 66, 177, 157, 192, 191, 51, 219, 236, 71, 38, 230, 97, 70, 73, 59, 135, 235, 229, 27, 143, 24, 29, 4, 183, 226, 21, 216, 111, 214, 129, 178, 194, 
      42, 82, 136, 8, 95, 142, 212, 149, 41, 205, 198, 104, 186, 126, 13, 204, 195, 77, 86, 106, 36, 58, 182, 168, 210, 152, 40, 124, 223, 79, 55, 78, 48, 234, 83, 134, 31, 91, 23, 0, 
      144, 213, 154, 18, 208, 120, 175, 206, 184, 209, 114, 16, 173, 46, 105, 64, 240, 80, 197, 176, 6, 228, 220, 99, 109, 159, 33, 94, 12, 108, 116, 193, 62, 125, 
      57, 10, 165, 54, 241, 202, 115, 100, 52, 137, 35, 141, 188, 153, 112, 174, 200, 196, 76, 201, 163, 170, 72, 237, 11, 9, 37, 171, 221, 14, 180, 164, 238, 138, 140, 107, 127, 17, 119, 
      185, 47, 224, 167, 199, 121, 43, 61, 179, 151, 1, 231, 34, 239, 89, 49, 44, 131, 215, 68, 160, 30, 60, 50, 158, 147, 92, 25, 98, 172 ], 
  [ 20, 173, 183, 129, 133, 8, 54, 234, 91, 123, 218, 147, 111, 124, 151, 16, 204, 223, 64, 88, 140, 89, 66, 226, 208, 21, 
      157, 131, 119, 156, 228, 134, 103, 6, 68, 23, 149, 146, 191, 118, 46, 114, 170, 182, 75, 86, 57, 188, 97, 4, 162, 76, 82, 2, 33, 70, 27, 40, 190, 219, 102, 85, 163, 1, 212, 29, 94, 
      233, 167, 67, 178, 158, 193, 192, 52, 220, 237, 72, 39, 231, 98, 71, 74, 60, 136, 236, 230, 28, 144, 25, 30, 5, 184, 227, 22, 217, 112, 215, 130, 179, 195, 
      43, 83, 137, 9, 96, 143, 213, 150, 42, 206, 199, 105, 187, 127, 14, 205, 196, 78, 87, 107, 37, 59, 104, 169, 211, 153, 41, 125, 224, 80, 56, 79, 49, 235, 84, 135, 32, 92, 24, 0, 
      145, 214, 155, 19, 209, 121, 176, 207, 185, 210, 115, 17, 174, 47, 106, 65, 241, 81, 198, 177, 7, 229, 221, 100, 110, 160, 34, 95, 13, 109, 117, 194, 63, 126, 
      58, 11, 166, 55, 242, 203, 116, 101, 53, 138, 36, 142, 189, 154, 113, 175, 201, 197, 77, 202, 164, 171, 73, 238, 12, 10, 38, 172, 222, 15, 181, 165, 239, 139, 141, 108, 128, 18, 
      120, 186, 48, 225, 168, 200, 122, 44, 62, 180, 152, 3, 232, 35, 240, 90, 50, 45, 132, 216, 69, 161, 31, 61, 51, 159, 148, 93, 26, 99 ], 
  [ 21, 100, 60, 174, 130, 134, 9, 55, 235, 92, 124, 219, 148, 112, 125, 152, 17, 205, 224, 65, 89, 141, 90, 67, 227, 209, 
      22, 158, 132, 120, 157, 229, 135, 104, 7, 69, 24, 150, 147, 192, 119, 47, 115, 171, 183, 76, 87, 58, 189, 98, 5, 163, 77, 83, 123, 34, 71, 28, 41, 191, 220, 103, 86, 164, 3, 213, 
      30, 95, 234, 168, 68, 179, 159, 194, 193, 53, 221, 238, 73, 40, 232, 99, 72, 75, 61, 137, 237, 231, 29, 145, 26, 31, 6, 185, 228, 23, 218, 113, 216, 131, 
      180, 196, 44, 84, 138, 10, 97, 144, 214, 151, 43, 207, 200, 106, 188, 128, 15, 206, 197, 79, 88, 108, 38, 184, 105, 170, 212, 154, 42, 126, 225, 81, 57, 80, 50, 236, 85, 136, 33, 
      93, 25, 0, 146, 215, 156, 20, 210, 122, 177, 208, 186, 211, 116, 18, 175, 48, 107, 66, 242, 82, 199, 178, 8, 230, 222, 101, 111, 161, 35, 96, 14, 110, 118, 
      195, 64, 127, 59, 12, 167, 56, 1, 204, 117, 102, 54, 139, 37, 143, 190, 155, 114, 176, 202, 198, 78, 203, 165, 172, 74, 239, 13, 11, 39, 173, 223, 16, 182, 166, 240, 140, 142, 109, 
      129, 19, 121, 187, 49, 226, 169, 201, 2, 45, 63, 181, 153, 4, 233, 36, 241, 91, 51, 46, 133, 217, 70, 162, 32, 62, 52, 160, 149, 94, 27 ], 
  [ 22, 28, 39, 101, 175, 131, 135, 10, 56, 236, 93, 125, 220, 149, 113, 126, 153, 18, 206, 225, 66, 90, 142, 91, 68, 228, 
      210, 23, 159, 133, 121, 158, 230, 136, 105, 8, 70, 25, 151, 148, 193, 120, 48, 116, 172, 184, 77, 88, 59, 190, 99, 6, 164, 78, 84, 124, 35, 72, 29, 42, 192, 221, 104, 87, 165, 4, 
      214, 31, 96, 235, 169, 69, 180, 160, 195, 194, 54, 222, 239, 74, 41, 233, 100, 73, 76, 62, 138, 238, 232, 30, 146, 27, 32, 7, 186, 229, 24, 219, 114, 217, 
      132, 181, 197, 45, 85, 139, 11, 98, 145, 215, 152, 44, 208, 201, 107, 189, 129, 16, 207, 198, 80, 89, 109, 61, 185, 106, 171, 213, 155, 43, 127, 226, 82, 58, 81, 51, 237, 86, 137, 
      34, 94, 26, 0, 147, 216, 157, 21, 211, 2, 178, 209, 187, 212, 117, 19, 176, 49, 108, 67, 1, 83, 200, 179, 9, 231, 223, 102, 112, 162, 36, 97, 15, 111, 
      119, 196, 65, 128, 60, 13, 168, 57, 3, 205, 118, 103, 55, 140, 38, 144, 191, 156, 115, 177, 203, 199, 79, 204, 166, 173, 75, 240, 14, 12, 40, 174, 224, 17, 183, 167, 241, 141, 143, 
      110, 130, 20, 122, 188, 50, 227, 170, 202, 123, 46, 64, 182, 154, 5, 234, 37, 242, 92, 52, 47, 134, 218, 71, 163, 33, 63, 53, 161, 150, 95 ], 
  [ 23, 96, 110, 29, 102, 176, 132, 136, 11, 57, 237, 94, 126, 221, 150, 114, 127, 154, 19, 207, 226, 67, 91, 143, 92, 69, 229, 
      211, 24, 160, 134, 122, 159, 231, 137, 106, 9, 71, 26, 152, 149, 194, 121, 49, 117, 173, 185, 78, 89, 60, 191, 100, 7, 165, 79, 85, 125, 36, 73, 30, 43, 193, 222, 105, 88, 166, 5, 
      215, 32, 97, 236, 170, 70, 181, 161, 196, 195, 55, 223, 240, 75, 42, 234, 101, 74, 77, 63, 139, 239, 233, 31, 147, 28, 33, 8, 187, 230, 25, 220, 115, 218, 
      133, 182, 198, 46, 86, 140, 12, 99, 146, 216, 153, 45, 209, 202, 108, 190, 130, 17, 208, 199, 81, 90, 40, 62, 186, 107, 172, 214, 156, 44, 128, 227, 83, 59, 82, 52, 238, 87, 138, 
      35, 95, 27, 0, 148, 217, 158, 22, 212, 123, 179, 210, 188, 213, 118, 20, 177, 50, 109, 68, 3, 84, 201, 180, 10, 232, 224, 103, 113, 163, 37, 98, 16, 112, 
      120, 197, 66, 129, 61, 14, 169, 58, 4, 206, 119, 104, 56, 141, 39, 145, 192, 157, 116, 178, 204, 200, 80, 205, 167, 174, 76, 241, 15, 13, 41, 175, 225, 18, 184, 168, 242, 142, 144, 
      111, 131, 21, 2, 189, 51, 228, 171, 203, 124, 47, 65, 183, 155, 6, 235, 38, 1, 93, 53, 48, 135, 219, 72, 164, 34, 64, 54, 162, 151 ], 
  [ 24, 152, 91, 97, 30, 103, 177, 133, 137, 12, 58, 238, 95, 127, 222, 151, 115, 128, 155, 20, 208, 227, 68, 92, 144, 93, 
      70, 230, 212, 25, 161, 135, 2, 160, 232, 138, 107, 10, 72, 27, 153, 150, 195, 122, 50, 118, 174, 186, 79, 90, 61, 192, 101, 8, 166, 80, 86, 126, 37, 74, 31, 44, 194, 223, 106, 89, 
      167, 6, 216, 33, 98, 237, 171, 71, 182, 162, 197, 196, 56, 224, 241, 76, 43, 235, 102, 75, 78, 64, 140, 240, 234, 32, 148, 29, 34, 9, 188, 231, 26, 221, 
      116, 219, 134, 183, 199, 47, 87, 141, 13, 100, 147, 217, 154, 46, 210, 203, 109, 191, 131, 18, 209, 200, 82, 111, 41, 63, 187, 108, 173, 215, 157, 45, 129, 228, 84, 60, 83, 53, 239, 
      88, 139, 36, 96, 28, 0, 149, 218, 159, 23, 213, 124, 180, 211, 189, 214, 119, 21, 178, 51, 110, 69, 4, 85, 202, 181, 11, 233, 225, 104, 114, 164, 38, 99, 
      17, 113, 121, 198, 67, 130, 62, 15, 170, 59, 5, 207, 120, 105, 57, 142, 40, 146, 193, 158, 117, 179, 205, 201, 81, 206, 168, 175, 77, 242, 16, 14, 42, 176, 226, 19, 185, 169, 1, 
      143, 145, 112, 132, 22, 123, 190, 52, 229, 172, 204, 125, 48, 66, 184, 156, 7, 236, 39, 3, 94, 54, 49, 136, 220, 73, 165, 35, 65, 55, 163 ], 
  [ 25, 164, 83, 153, 98, 31, 104, 178, 134, 138, 13, 59, 239, 96, 128, 223, 152, 116, 129, 156, 21, 209, 228, 69, 93, 145, 
      94, 71, 231, 213, 26, 162, 136, 123, 161, 233, 139, 108, 11, 73, 28, 154, 151, 196, 2, 51, 119, 175, 187, 80, 91, 62, 193, 102, 9, 167, 81, 87, 127, 38, 75, 32, 45, 195, 224, 107, 
      90, 168, 7, 217, 34, 99, 238, 172, 72, 183, 163, 198, 197, 57, 225, 242, 77, 44, 236, 103, 76, 79, 65, 141, 241, 235, 33, 149, 30, 35, 10, 189, 232, 27, 
      222, 117, 220, 135, 184, 200, 48, 88, 142, 14, 101, 148, 218, 155, 47, 211, 204, 110, 192, 132, 19, 210, 201, 92, 112, 42, 64, 188, 109, 174, 216, 158, 46, 130, 229, 85, 61, 84, 54, 
      240, 89, 140, 37, 97, 29, 0, 150, 219, 160, 24, 214, 125, 181, 212, 190, 215, 120, 22, 179, 52, 111, 70, 5, 86, 203, 182, 12, 234, 226, 105, 115, 165, 39, 
      100, 18, 114, 122, 199, 68, 131, 63, 16, 171, 60, 6, 208, 121, 106, 58, 143, 41, 147, 194, 159, 118, 180, 206, 202, 82, 207, 169, 176, 78, 1, 17, 15, 43, 177, 227, 20, 186, 170, 
      3, 144, 146, 113, 133, 23, 124, 191, 53, 230, 173, 205, 126, 49, 67, 185, 157, 8, 237, 40, 4, 95, 55, 50, 137, 221, 74, 166, 36, 66, 56 ], 
  [ 26, 57, 202, 165, 154, 99, 32, 105, 179, 135, 139, 14, 60, 240, 97, 129, 224, 153, 117, 130, 157, 22, 210, 229, 70, 94, 146, 
      95, 72, 232, 214, 27, 163, 137, 124, 162, 234, 140, 109, 12, 74, 29, 155, 152, 197, 123, 52, 120, 176, 188, 81, 92, 63, 194, 103, 10, 168, 82, 88, 128, 39, 76, 33, 46, 196, 225, 
      108, 91, 169, 8, 218, 35, 100, 239, 173, 73, 184, 164, 199, 198, 58, 226, 1, 78, 45, 237, 104, 77, 80, 66, 142, 242, 236, 34, 150, 31, 36, 11, 190, 233, 
      28, 223, 118, 221, 136, 185, 201, 49, 89, 143, 15, 102, 149, 219, 156, 48, 212, 205, 111, 193, 133, 20, 211, 84, 93, 113, 43, 65, 189, 110, 175, 217, 159, 47, 131, 230, 86, 62, 85, 
      55, 241, 90, 141, 38, 98, 30, 0, 151, 220, 161, 25, 215, 126, 182, 213, 191, 216, 121, 23, 180, 53, 112, 71, 6, 87, 204, 183, 13, 235, 227, 106, 116, 166, 
      40, 101, 19, 115, 2, 200, 69, 132, 64, 17, 172, 61, 7, 209, 122, 107, 59, 144, 42, 148, 195, 160, 119, 181, 207, 203, 83, 208, 170, 177, 79, 3, 18, 16, 44, 178, 228, 21, 187, 171, 
      4, 145, 147, 114, 134, 24, 125, 192, 54, 231, 174, 206, 127, 50, 68, 186, 158, 9, 238, 41, 5, 96, 56, 51, 138, 222, 75, 167, 37, 67 ], 
  [ 27, 68, 212, 58, 166, 155, 100, 33, 106, 180, 136, 140, 15, 61, 241, 98, 130, 225, 154, 118, 131, 158, 23, 211, 230, 71, 
      95, 147, 96, 73, 233, 215, 28, 164, 138, 125, 163, 235, 141, 110, 13, 75, 30, 156, 153, 198, 124, 53, 121, 177, 189, 82, 93, 64, 195, 104, 11, 169, 83, 89, 129, 40, 77, 34, 47, 197, 
      226, 109, 92, 170, 9, 219, 36, 101, 240, 174, 74, 185, 165, 200, 199, 59, 227, 3, 79, 46, 238, 105, 78, 81, 67, 143, 1, 237, 35, 151, 32, 37, 12, 191, 
      234, 29, 224, 119, 222, 137, 186, 202, 50, 90, 144, 16, 103, 150, 220, 157, 49, 213, 206, 112, 194, 134, 21, 203, 85, 94, 114, 44, 66, 190, 111, 176, 218, 160, 48, 132, 231, 87, 63, 
      86, 56, 242, 91, 142, 39, 99, 31, 0, 152, 221, 162, 26, 216, 127, 183, 214, 192, 217, 122, 24, 181, 54, 113, 72, 7, 88, 205, 184, 14, 236, 228, 107, 117, 
      167, 41, 102, 20, 116, 123, 201, 70, 133, 65, 18, 173, 62, 8, 210, 2, 108, 60, 145, 43, 149, 196, 161, 120, 182, 208, 204, 84, 209, 171, 178, 80, 4, 19, 17, 45, 179, 229, 22, 188, 
      172, 5, 146, 148, 115, 135, 25, 126, 193, 55, 232, 175, 207, 128, 51, 69, 187, 159, 10, 239, 42, 6, 97, 57, 52, 139, 223, 76, 168, 38 ], 
  [ 28, 39, 22, 69, 59, 167, 156, 101, 34, 107, 181, 137, 141, 16, 62, 242, 99, 131, 226, 155, 119, 132, 159, 24, 212, 231, 
      72, 96, 148, 97, 74, 234, 216, 29, 165, 139, 126, 164, 236, 142, 111, 14, 76, 31, 157, 154, 199, 125, 54, 122, 178, 190, 83, 94, 65, 196, 105, 12, 170, 84, 90, 130, 41, 78, 35, 48, 
      198, 227, 110, 93, 171, 10, 220, 37, 102, 241, 175, 75, 186, 166, 201, 200, 60, 228, 4, 80, 47, 239, 106, 79, 82, 68, 144, 3, 238, 36, 152, 33, 38, 13, 
      192, 235, 30, 225, 120, 223, 138, 187, 203, 51, 91, 145, 17, 104, 151, 221, 158, 50, 214, 207, 113, 195, 135, 213, 204, 86, 95, 115, 45, 67, 191, 112, 177, 219, 161, 49, 133, 232, 
      88, 64, 87, 57, 1, 92, 143, 40, 100, 32, 0, 153, 222, 163, 27, 217, 128, 184, 215, 193, 218, 2, 25, 182, 55, 114, 73, 8, 89, 206, 185, 15, 237, 229, 
      108, 118, 168, 42, 103, 21, 117, 124, 202, 71, 134, 66, 19, 174, 63, 9, 211, 123, 109, 61, 146, 44, 150, 197, 162, 121, 183, 209, 205, 85, 210, 172, 179, 81, 5, 20, 18, 46, 180, 
      230, 23, 189, 173, 6, 147, 149, 116, 136, 26, 127, 194, 56, 233, 176, 208, 129, 52, 70, 188, 160, 11, 240, 43, 7, 98, 58, 53, 140, 224, 77, 169 ], 
  [ 29, 170, 136, 40, 70, 60, 168, 157, 102, 35, 108, 182, 138, 142, 17, 63, 1, 100, 132, 227, 156, 120, 133, 160, 25, 213, 232, 
      73, 97, 149, 98, 75, 235, 217, 30, 166, 140, 127, 165, 237, 143, 112, 15, 77, 32, 158, 155, 200, 126, 55, 2, 179, 191, 84, 95, 66, 197, 106, 13, 171, 85, 91, 131, 42, 79, 36, 49, 
      199, 228, 111, 94, 172, 11, 221, 38, 103, 242, 176, 76, 187, 167, 202, 201, 61, 229, 5, 81, 48, 240, 107, 80, 83, 69, 145, 4, 239, 37, 153, 34, 39, 14, 
      193, 236, 31, 226, 121, 224, 139, 188, 204, 52, 92, 146, 18, 105, 152, 222, 159, 51, 215, 208, 114, 196, 23, 214, 205, 87, 96, 116, 46, 68, 192, 113, 178, 220, 162, 50, 134, 233, 
      89, 65, 88, 58, 3, 93, 144, 41, 101, 33, 0, 154, 223, 164, 28, 218, 129, 185, 216, 194, 219, 123, 26, 183, 56, 115, 74, 9, 90, 207, 186, 16, 238, 230, 
      109, 119, 169, 43, 104, 22, 118, 125, 203, 72, 135, 67, 20, 175, 64, 10, 212, 124, 110, 62, 147, 45, 151, 198, 163, 122, 184, 210, 206, 86, 211, 173, 180, 82, 6, 21, 19, 47, 181, 
      231, 24, 190, 174, 7, 148, 150, 117, 137, 27, 128, 195, 57, 234, 177, 209, 130, 53, 71, 189, 161, 12, 241, 44, 8, 99, 59, 54, 141, 225, 78 ], 
  [ 30, 79, 197, 171, 41, 71, 61, 169, 158, 103, 36, 109, 183, 139, 143, 18, 64, 3, 101, 133, 228, 157, 121, 134, 161, 26, 
      214, 233, 74, 98, 150, 99, 76, 236, 218, 31, 167, 141, 128, 166, 238, 144, 113, 16, 78, 33, 159, 156, 201, 127, 56, 123, 180, 192, 85, 96, 67, 198, 107, 14, 172, 86, 92, 132, 43, 
      80, 37, 50, 200, 229, 112, 95, 173, 12, 222, 39, 104, 1, 177, 77, 188, 168, 203, 202, 62, 230, 6, 82, 49, 241, 108, 81, 84, 70, 146, 5, 240, 38, 154, 
      35, 40, 15, 194, 237, 32, 227, 122, 225, 140, 189, 205, 53, 93, 147, 19, 106, 153, 223, 160, 52, 216, 209, 115, 137, 24, 215, 206, 88, 97, 117, 47, 69, 193, 114, 179, 221, 163, 51, 
      135, 234, 90, 66, 89, 59, 4, 94, 145, 42, 102, 34, 0, 155, 224, 165, 29, 219, 130, 186, 217, 195, 220, 124, 27, 184, 57, 116, 75, 10, 91, 208, 187, 17, 
      239, 231, 110, 120, 170, 44, 105, 23, 119, 126, 204, 73, 136, 68, 21, 176, 65, 11, 213, 125, 111, 63, 148, 46, 152, 199, 164, 2, 185, 211, 207, 87, 212, 174, 181, 83, 7, 22, 20, 48, 
      182, 232, 25, 191, 175, 8, 149, 151, 118, 138, 28, 129, 196, 58, 235, 178, 210, 131, 54, 72, 190, 162, 13, 242, 45, 9, 100, 60, 55, 142, 226 ], 
  [ 31, 227, 116, 80, 172, 42, 72, 62, 170, 159, 104, 37, 110, 184, 140, 144, 19, 65, 4, 102, 134, 229, 158, 122, 135, 162, 27, 
      215, 234, 75, 99, 151, 100, 77, 237, 219, 32, 168, 142, 129, 167, 239, 145, 114, 17, 79, 34, 160, 157, 202, 128, 57, 124, 181, 193, 86, 97, 68, 199, 108, 15, 173, 87, 93, 133, 44, 
      81, 38, 51, 201, 230, 113, 96, 174, 13, 223, 40, 105, 3, 178, 78, 189, 169, 204, 203, 63, 231, 7, 83, 50, 242, 109, 82, 85, 71, 147, 6, 241, 39, 155, 
      36, 41, 16, 195, 238, 33, 228, 2, 226, 141, 190, 206, 54, 94, 148, 20, 107, 154, 224, 161, 53, 217, 210, 198, 138, 25, 216, 207, 89, 98, 118, 48, 70, 194, 115, 180, 222, 164, 52, 
      136, 235, 91, 67, 90, 60, 5, 95, 146, 43, 103, 35, 0, 156, 225, 166, 30, 220, 131, 187, 218, 196, 221, 125, 28, 185, 58, 117, 76, 11, 92, 209, 188, 18, 
      240, 232, 111, 121, 171, 45, 106, 24, 120, 127, 205, 74, 137, 69, 22, 177, 66, 12, 214, 126, 112, 64, 149, 47, 153, 200, 165, 123, 186, 212, 208, 88, 213, 175, 182, 84, 8, 23, 21, 
      49, 183, 233, 26, 192, 176, 9, 150, 152, 119, 139, 29, 130, 197, 59, 236, 179, 211, 132, 55, 73, 191, 163, 14, 1, 46, 10, 101, 61, 56, 143 ], 
  [ 32, 144, 211, 228, 81, 173, 43, 73, 63, 171, 160, 105, 38, 111, 185, 141, 145, 20, 66, 5, 103, 135, 230, 159, 2, 136, 
      163, 28, 216, 235, 76, 100, 152, 101, 78, 238, 220, 33, 169, 143, 130, 168, 240, 146, 115, 18, 80, 35, 161, 158, 203, 129, 58, 125, 182, 194, 87, 98, 69, 200, 109, 16, 174, 88, 94, 
      134, 45, 82, 39, 52, 202, 231, 114, 97, 175, 14, 224, 41, 106, 4, 179, 79, 190, 170, 205, 204, 64, 232, 8, 84, 51, 1, 110, 83, 86, 72, 148, 7, 242, 
      40, 156, 37, 42, 17, 196, 239, 34, 229, 123, 227, 142, 191, 207, 55, 95, 149, 21, 108, 155, 225, 162, 54, 218, 117, 199, 139, 26, 217, 208, 90, 99, 119, 49, 71, 195, 116, 181, 223, 
      165, 53, 137, 236, 92, 68, 91, 61, 6, 96, 147, 44, 104, 36, 0, 157, 226, 167, 31, 221, 132, 188, 219, 197, 222, 126, 29, 186, 59, 118, 77, 12, 93, 210, 
      189, 19, 241, 233, 112, 122, 172, 46, 107, 25, 121, 128, 206, 75, 138, 70, 23, 178, 67, 13, 215, 127, 113, 65, 150, 48, 154, 201, 166, 124, 187, 213, 209, 89, 214, 176, 183, 85, 9, 
      24, 22, 50, 184, 234, 27, 193, 177, 10, 151, 153, 120, 140, 30, 131, 198, 60, 237, 180, 212, 133, 56, 74, 192, 164, 15, 3, 47, 11, 102, 62, 57 ], 
  [ 33, 58, 219, 145, 229, 82, 174, 44, 74, 64, 172, 161, 106, 39, 112, 186, 142, 146, 21, 67, 6, 104, 136, 231, 160, 123, 
      137, 164, 29, 217, 236, 77, 101, 153, 102, 79, 239, 221, 34, 170, 144, 131, 169, 241, 147, 116, 19, 81, 36, 162, 159, 204, 130, 59, 126, 183, 195, 88, 99, 70, 201, 110, 17, 175, 89, 
      95, 135, 46, 83, 40, 53, 203, 232, 115, 98, 176, 15, 225, 42, 107, 5, 180, 80, 191, 171, 206, 205, 65, 233, 9, 85, 52, 3, 111, 84, 87, 73, 149, 8, 
      1, 41, 157, 38, 43, 18, 197, 240, 35, 230, 124, 228, 143, 192, 208, 56, 96, 150, 22, 109, 156, 226, 163, 55, 212, 118, 200, 140, 27, 218, 209, 91, 100, 120, 50, 72, 196, 117, 182, 
      224, 166, 54, 138, 237, 93, 69, 92, 62, 7, 97, 148, 45, 105, 37, 0, 158, 227, 168, 32, 222, 133, 189, 220, 198, 223, 127, 30, 187, 60, 119, 78, 13, 94, 
      211, 190, 20, 242, 234, 113, 2, 173, 47, 108, 26, 122, 129, 207, 76, 139, 71, 24, 179, 68, 14, 216, 128, 114, 66, 151, 49, 155, 202, 167, 125, 188, 214, 210, 90, 215, 177, 184, 86, 
      10, 25, 23, 51, 185, 235, 28, 194, 178, 11, 152, 154, 121, 141, 31, 132, 199, 61, 238, 181, 213, 134, 57, 75, 193, 165, 16, 4, 48, 12, 103, 63 ], 
  [ 34, 64, 56, 59, 146, 230, 83, 175, 45, 75, 65, 173, 162, 107, 40, 113, 187, 143, 147, 22, 68, 7, 105, 137, 232, 161, 
      124, 138, 165, 30, 218, 237, 78, 102, 154, 103, 80, 240, 222, 35, 171, 145, 132, 170, 242, 148, 117, 20, 82, 37, 163, 160, 205, 131, 60, 127, 184, 196, 89, 100, 71, 202, 111, 18, 
      176, 90, 96, 136, 47, 84, 41, 54, 204, 233, 116, 99, 177, 16, 226, 43, 108, 6, 181, 81, 192, 172, 207, 206, 66, 234, 10, 86, 53, 4, 112, 85, 88, 74, 
      150, 9, 3, 42, 158, 39, 44, 19, 198, 241, 36, 231, 125, 229, 144, 193, 209, 57, 97, 151, 23, 110, 157, 227, 164, 220, 213, 119, 201, 141, 28, 219, 210, 92, 101, 121, 51, 73, 197, 
